chrom	length	bases	mean	min	max
chr1	248956422	304887424	1.22	0	1133
chr1_region	248956422	304887424	1.22	0	1133
chr2	242193529	298603296	1.23	0	67
chr2_region	242193529	298603296	1.23	0	67
chr3	198295559	239125514	1.21	0	89
chr3_region	198295559	239125514	1.21	0	89
chr4	190214555	233590503	1.23	0	443
chr4_region	190214555	233590503	1.23	0	443
chr5	181538259	221245579	1.22	0	93
chr5_region	181538259	221245579	1.22	0	93
chr6	170805979	209272696	1.23	0	12
chr6_region	170805979	209272696	1.23	0	12
chr7	159345973	191823747	1.20	0	37
chr7_region	159345973	191823747	1.20	0	37
chr8	145138636	176480865	1.22	0	46
chr8_region	145138636	176480865	1.22	0	46
chr9	138394717	145163260	1.05	0	21
chr9_region	138394717	145163260	1.05	0	21
chr10	133797422	166133042	1.24	0	80
chr10_region	133797422	166133042	1.24	0	80
chr11	135086622	162471588	1.20	0	17
chr11_region	135086622	162471588	1.20	0	17
chr12	133275309	159246434	1.19	0	25
chr12_region	133275309	159246434	1.19	0	25
chr13	114364328	120960072	1.06	0	47
chr13_region	114364328	120960072	1.06	0	47
chr14	107043718	110736556	1.03	0	11
chr14_region	107043718	110736556	1.03	0	11
chr15	101991189	102752092	1.01	0	12
chr15_region	101991189	102752092	1.01	0	12
chr16	90338345	117091505	1.30	0	1222
chr16_region	90338345	117091505	1.30	0	1222
chr17	83257441	103272594	1.24	0	41
chr17_region	83257441	103272594	1.24	0	41
chr18	80373285	93002188	1.16	0	27
chr18_region	80373285	93002188	1.16	0	27
chr19	58617616	72535841	1.24	0	19
chr19_region	58617616	72535841	1.24	0	19
chr20	64444167	82829103	1.29	0	86
chr20_region	64444167	82829103	1.29	0	86
chr21	46709983	54482520	1.17	0	252
chr21_region	46709983	54482520	1.17	0	252
chr22	50818468	48840016	0.96	0	16
chr22_region	50818468	48840016	0.96	0	16
chrX	156040895	94536415	0.61	0	8
chrX_region	3100992	3231761	1.04	0	6
chrY	57227415	31115804	0.54	0	586
chrY_region	0	0	0.00	0	0
chrM	16569	2666198	160.91	140	180
chrM_region	0	0	0.00	0	0
chr1_KI270706v1_random	175055	230525	1.32	0	6
chr1_KI270706v1_random_region	175055	230525	1.32	0	6
chr1_KI270707v1_random	32032	19605	0.61	0	2
chr1_KI270707v1_random_region	32032	19605	0.61	0	2
chr1_KI270708v1_random	127682	128667	1.01	0	2
chr1_KI270708v1_random_region	127682	128667	1.01	0	2
chr1_KI270709v1_random	66860	2622611	39.23	0	231
chr1_KI270709v1_random_region	66860	2622611	39.23	0	231
chr1_KI270710v1_random	40176	48748	1.21	0	5
chr1_KI270710v1_random_region	40176	48748	1.21	0	5
chr1_KI270711v1_random	42210	69571	1.65	0	6
chr1_KI270711v1_random_region	42210	69571	1.65	0	6
chr1_KI270712v1_random	176043	196643	1.12	0	14
chr1_KI270712v1_random_region	176043	196643	1.12	0	14
chr1_KI270713v1_random	40745	30981	0.76	0	2
chr1_KI270713v1_random_region	40745	30981	0.76	0	2
chr1_KI270714v1_random	41717	52665	1.26	0	4
chr1_KI270714v1_random_region	41717	52665	1.26	0	4
chr2_KI270715v1_random	161471	122587	0.76	0	3
chr2_KI270715v1_random_region	161471	122587	0.76	0	3
chr2_KI270716v1_random	153799	63956	0.42	0	4
chr2_KI270716v1_random_region	153799	63956	0.42	0	4
chr3_GL000221v1_random	155397	308873	1.99	0	8
chr3_GL000221v1_random_region	155397	308873	1.99	0	8
chr4_GL000008v2_random	209709	644525	3.07	0	45
chr4_GL000008v2_random_region	209709	644525	3.07	0	45
chr5_GL000208v1_random	92689	142400	1.54	0	11
chr5_GL000208v1_random_region	92689	142400	1.54	0	11
chr9_KI270717v1_random	40062	33429	0.83	0	2
chr9_KI270717v1_random_region	40062	33429	0.83	0	2
chr9_KI270718v1_random	38054	98678	2.59	0	8
chr9_KI270718v1_random_region	38054	98678	2.59	0	8
chr9_KI270719v1_random	176845	266882	1.51	0	7
chr9_KI270719v1_random_region	176845	266882	1.51	0	7
chr9_KI270720v1_random	39050	59526	1.52	0	4
chr9_KI270720v1_random_region	39050	59526	1.52	0	4
chr11_KI270721v1_random	100316	116901	1.17	0	7
chr11_KI270721v1_random_region	100316	116901	1.17	0	7
chr14_GL000009v2_random	201709	756557	3.75	0	13
chr14_GL000009v2_random_region	201709	756557	3.75	0	13
chr14_GL000225v1_random	211173	3257295	15.42	0	75
chr14_GL000225v1_random_region	211173	3257295	15.42	0	75
chr14_KI270722v1_random	194050	184496	0.95	0	4
chr14_KI270722v1_random_region	194050	184496	0.95	0	4
chr14_GL000194v1_random	191469	568299	2.97	0	10
chr14_GL000194v1_random_region	191469	568299	2.97	0	10
chr14_KI270723v1_random	38115	66893	1.76	0	5
chr14_KI270723v1_random_region	38115	66893	1.76	0	5
chr14_KI270724v1_random	39555	108133	2.73	0	9
chr14_KI270724v1_random_region	39555	108133	2.73	0	9
chr14_KI270725v1_random	172810	208043	1.20	0	8
chr14_KI270725v1_random_region	172810	208043	1.20	0	8
chr14_KI270726v1_random	43739	0	0.00	0	0
chr14_KI270726v1_random_region	43739	0	0.00	0	0
chr15_KI270727v1_random	448248	157600	0.35	0	4
chr15_KI270727v1_random_region	448248	157600	0.35	0	4
chr16_KI270728v1_random	1872759	816514	0.44	0	9
chr16_KI270728v1_random_region	1872759	816514	0.44	0	9
chr17_GL000205v2_random	185591	730985	3.94	0	15
chr17_GL000205v2_random_region	185591	730985	3.94	0	15
chr17_KI270729v1_random	280839	983527	3.50	0	106
chr17_KI270729v1_random_region	280839	983527	3.50	0	106
chr17_KI270730v1_random	112551	140401	1.25	0	14
chr17_KI270730v1_random_region	112551	140401	1.25	0	14
chr22_KI270731v1_random	150754	187986	1.25	0	6
chr22_KI270731v1_random_region	150754	187986	1.25	0	6
chr22_KI270732v1_random	41543	197793	4.76	1	10
chr22_KI270732v1_random_region	41543	197793	4.76	1	10
chr22_KI270733v1_random	179772	4828152	26.86	0	118
chr22_KI270733v1_random_region	179772	4828152	26.86	0	118
chr22_KI270734v1_random	165050	184501	1.12	0	5
chr22_KI270734v1_random_region	165050	184501	1.12	0	5
chr22_KI270735v1_random	42811	162511	3.80	0	8
chr22_KI270735v1_random_region	42811	162511	3.80	0	8
chr22_KI270736v1_random	181920	315994	1.74	0	27
chr22_KI270736v1_random_region	181920	315994	1.74	0	27
chr22_KI270737v1_random	103838	39470	0.38	0	2
chr22_KI270737v1_random_region	103838	39470	0.38	0	2
chr22_KI270738v1_random	99375	117874	1.19	0	6
chr22_KI270738v1_random_region	99375	117874	1.19	0	6
chr22_KI270739v1_random	73985	32786	0.44	0	3
chr22_KI270739v1_random_region	73985	32786	0.44	0	3
chrUn_KI270302v1	2274	2274	1.00	1	1
chrUn_KI270302v1_region	2274	2274	1.00	1	1
chrUn_KI270320v1	4416	9200	2.08	1	3
chrUn_KI270320v1_region	4416	9200	2.08	1	3
chrUn_KI270311v1	12399	3156	0.25	0	2
chrUn_KI270311v1_region	12399	3156	0.25	0	2
chrUn_KI270414v1	2489	0	0.00	0	0
chrUn_KI270414v1_region	2489	0	0.00	0	0
chrUn_KI270419v1	1029	0	0.00	0	0
chrUn_KI270419v1_region	1029	0	0.00	0	0
chrUn_KI270418v1	2145	2032	0.95	0	1
chrUn_KI270418v1_region	2145	2032	0.95	0	1
chrUn_KI270420v1	2321	0	0.00	0	0
chrUn_KI270420v1_region	2321	0	0.00	0	0
chrUn_KI270417v1	2043	4917	2.41	1	3
chrUn_KI270417v1_region	2043	4917	2.41	1	3
chrUn_KI270429v1	1361	1263	0.93	0	1
chrUn_KI270429v1_region	1361	1263	0.93	0	1
chrUn_KI270442v1	392061	1443841	3.68	0	12
chrUn_KI270442v1_region	392061	1443841	3.68	0	12
chrUn_KI270466v1	1233	37226	30.19	4	35
chrUn_KI270466v1_region	1233	37226	30.19	4	35
chrUn_KI270465v1	1774	0	0.00	0	0
chrUn_KI270465v1_region	1774	0	0.00	0	0
chrUn_KI270467v1	3920	1421403	362.60	2	475
chrUn_KI270467v1_region	3920	1421403	362.60	2	475
chrUn_KI270435v1	92983	121279	1.30	0	5
chrUn_KI270435v1_region	92983	121279	1.30	0	5
chrUn_KI270438v1	112505	8786089	78.10	0	951
chrUn_KI270438v1_region	112505	8786089	78.10	0	951
chrUn_KI270468v1	4055	10936	2.70	0	4
chrUn_KI270468v1_region	4055	10936	2.70	0	4
chrUn_KI270510v1	2415	19948	8.26	7	9
chrUn_KI270510v1_region	2415	19948	8.26	7	9
chrUn_KI270509v1	2318	6472	2.79	2	3
chrUn_KI270509v1_region	2318	6472	2.79	2	3
chrUn_KI270518v1	2186	2185	1.00	0	1
chrUn_KI270518v1_region	2186	2185	1.00	0	1
chrUn_KI270508v1	1951	24648	12.63	7	13
chrUn_KI270508v1_region	1951	24648	12.63	7	13
chrUn_KI270516v1	1300	3900	3.00	3	3
chrUn_KI270516v1_region	1300	3900	3.00	3	3
chrUn_KI270512v1	22689	35657	1.57	0	4
chrUn_KI270512v1_region	22689	35657	1.57	0	4
chrUn_KI270519v1	138126	403931	2.92	0	12
chrUn_KI270519v1_region	138126	403931	2.92	0	12
chrUn_KI270511v1	8127	14381	1.77	0	3
chrUn_KI270511v1_region	8127	14381	1.77	0	3
chrUn_KI270515v1	6361	19840	3.12	0	5
chrUn_KI270515v1_region	6361	19840	3.12	0	5
chrUn_KI270507v1	5353	10477	1.96	0	4
chrUn_KI270507v1_region	5353	10477	1.96	0	4
chrUn_KI270517v1	3253	10843	3.33	1	6
chrUn_KI270517v1_region	3253	10843	3.33	1	6
chrUn_KI270530v1	2168	0	0.00	0	0
chrUn_KI270530v1_region	2168	0	0.00	0	0
chrUn_KI270538v1	91309	302130	3.31	0	17
chrUn_KI270538v1_region	91309	302130	3.31	0	17
chrUn_KI270544v1	1202	2268	1.89	0	2
chrUn_KI270544v1_region	1202	2268	1.89	0	2
chrUn_KI270587v1	2969	2281	0.77	0	1
chrUn_KI270587v1_region	2969	2281	0.77	0	1
chrUn_KI270580v1	1553	0	0.00	0	0
chrUn_KI270580v1_region	1553	0	0.00	0	0
chrUn_KI270581v1	7046	4063	0.58	0	2
chrUn_KI270581v1_region	7046	4063	0.58	0	2
chrUn_KI270579v1	31033	29095	0.94	0	2
chrUn_KI270579v1_region	31033	29095	0.94	0	2
chrUn_KI270589v1	44474	66074	1.49	0	10
chrUn_KI270589v1_region	44474	66074	1.49	0	10
chrUn_KI270590v1	4685	29882	6.38	0	8
chrUn_KI270590v1_region	4685	29882	6.38	0	8
chrUn_KI270584v1	4513	4533	1.00	0	2
chrUn_KI270584v1_region	4513	4533	1.00	0	2
chrUn_KI270582v1	6504	7604	1.17	0	2
chrUn_KI270582v1_region	6504	7604	1.17	0	2
chrUn_KI270588v1	6158	7247	1.18	0	2
chrUn_KI270588v1_region	6158	7247	1.18	0	2
chrUn_KI270591v1	5796	12672	2.19	1	3
chrUn_KI270591v1_region	5796	12672	2.19	1	3
chrUn_KI270330v1	1652	0	0.00	0	0
chrUn_KI270330v1_region	1652	0	0.00	0	0
chrUn_KI270333v1	2699	122594	45.42	3	50
chrUn_KI270333v1_region	2699	122594	45.42	3	50
chrUn_KI270337v1	1121	1057	0.94	0	1
chrUn_KI270337v1_region	1121	1057	0.94	0	1
chrUn_KI270366v1	8320	0	0.00	0	0
chrUn_KI270366v1_region	8320	0	0.00	0	0
chrUn_KI270386v1	1788	0	0.00	0	0
chrUn_KI270386v1_region	1788	0	0.00	0	0
chrUn_KI270392v1	971	1938	2.00	0	2
chrUn_KI270392v1_region	971	1938	2.00	0	2
chrUn_KI270374v1	2656	0	0.00	0	0
chrUn_KI270374v1_region	2656	0	0.00	0	0
chrUn_KI270448v1	7992	7816	0.98	0	1
chrUn_KI270448v1_region	7992	7816	0.98	0	1
chrUn_KI270521v1	7642	1195	0.16	0	1
chrUn_KI270521v1_region	7642	1195	0.16	0	1
chrUn_GL000195v1	182896	476775	2.61	0	10
chrUn_GL000195v1_region	182896	476775	2.61	0	10
chrUn_GL000219v1	179198	302350	1.69	0	8
chrUn_GL000219v1_region	179198	302350	1.69	0	8
chrUn_GL000220v1	161802	4162873	25.73	0	150
chrUn_GL000220v1_region	161802	4162873	25.73	0	150
chrUn_GL000224v1	179693	1282372	7.14	0	87
chrUn_GL000224v1_region	179693	1282372	7.14	0	87
chrUn_KI270741v1	157432	48942	0.31	0	3
chrUn_KI270741v1_region	157432	48942	0.31	0	3
chrUn_GL000226v1	15008	473423	31.54	9	42
chrUn_GL000226v1_region	15008	473423	31.54	9	42
chrUn_GL000213v1	164239	90214	0.55	0	4
chrUn_GL000213v1_region	164239	90214	0.55	0	4
chrUn_KI270743v1	210658	397249	1.89	0	6
chrUn_KI270743v1_region	210658	397249	1.89	0	6
chrUn_KI270744v1	168472	1038005	6.16	0	94
chrUn_KI270744v1_region	168472	1038005	6.16	0	94
chrUn_KI270745v1	41891	9327	0.22	0	1
chrUn_KI270745v1_region	41891	9327	0.22	0	1
chrUn_KI270746v1	66486	238571	3.59	0	8
chrUn_KI270746v1_region	66486	238571	3.59	0	8
chrUn_KI270747v1	198735	148825	0.75	0	5
chrUn_KI270747v1_region	198735	148825	0.75	0	5
chrUn_KI270748v1	93321	12714	0.14	0	2
chrUn_KI270748v1_region	93321	12714	0.14	0	2
chrUn_KI270749v1	158759	337114	2.12	0	8
chrUn_KI270749v1_region	158759	337114	2.12	0	8
chrUn_KI270750v1	148850	361039	2.43	0	10
chrUn_KI270750v1_region	148850	361039	2.43	0	10
chrUn_KI270751v1	150742	415729	2.76	0	13
chrUn_KI270751v1_region	150742	415729	2.76	0	13
chrUn_KI270753v1	62944	72290	1.15	0	7
chrUn_KI270753v1_region	62944	72290	1.15	0	7
chrUn_KI270754v1	40191	310900	7.74	0	19
chrUn_KI270754v1_region	40191	310900	7.74	0	19
chrUn_KI270755v1	36723	14194	0.39	0	2
chrUn_KI270755v1_region	36723	14194	0.39	0	2
chrUn_KI270756v1	79590	178950	2.25	0	12
chrUn_KI270756v1_region	79590	178950	2.25	0	12
chrUn_KI270757v1	71251	331516	4.65	0	16
chrUn_KI270757v1_region	71251	331516	4.65	0	16
chrUn_GL000214v1	137718	730827	5.31	0	37
chrUn_GL000214v1_region	137718	730827	5.31	0	37
chrUn_KI270742v1	186739	446898	2.39	0	7
chrUn_KI270742v1_region	186739	446898	2.39	0	7
chrUn_GL000216v2	176608	1219904	6.91	0	59
chrUn_GL000216v2_region	176608	1219904	6.91	0	59
chrUn_GL000218v1	161147	353489	2.19	0	7
chrUn_GL000218v1_region	161147	353489	2.19	0	7
chrEBV	171823	2280939	13.27	5	35
chrEBV_region	171823	2280939	13.27	5	35
total	3099708223	3590902211	1.16	0	1222
total_region	2889524336	3465815555	1.20	0	1222
