2759
2758
2757
2744
2745
2743
2742
2736
2735
2647
2648
2649
2650
2651
2652
2653
2656
2657
2660
2662
2663
2664
2666
2668
2746
2747
2748
2749
2750
2751
2752
2753
2754
2755
2756
2737
2739
2740
2741
2732
2733
2727
2728
2731
2717
2720
2724
2610
2611
2612
2613
2614
2615
2616
2617
2618
2619
2620
2621
2622
2623
2624
2625
2626
2631
2772
2760
2761
2762
2763
2764
2765
2766
2767
2768
2769
2770
2771
2773
2774
2775
2776
2777
2778
2779
2780
2781
2782
2783
2784
2785
2786
2787
2788
2789
2790
2791
2792
2793
2794
2795
2796
2797
2798
2799
2800
2801
2802
2803
2804
2805
2806
2807
2808
2809
2815
2814
2813
2812
2811
2810
